     2/119     8.26G   0.02208  0.003413 0.0004042   0.01134   0.03724        47       704         0         0         0         0         0  0.003549         0
     3/119     8.56G    0.0228  0.002798 0.0001378   0.01256   0.03829        43       864         0         0         0         0         0  0.003548         0
     4/119     8.56G   0.02108  0.003405 0.0001694   0.01099   0.03564        50       608         0         0         0         0         0   0.00341         0
     5/119     9.98G   0.02134  0.003597  0.000181   0.01158    0.0367        44       640         0         0         0         0         0  0.003541         0
     6/119     9.98G   0.02085  0.003045 0.0003933   0.01088   0.03517        48       672         0         0         0         0         0  0.003456         0
     7/119     9.98G   0.02129   0.00322 0.0001684   0.01021   0.03489        48       544         0         0         0         0         0  0.003504         0
     8/119     9.98G   0.02223  0.003575  0.000262   0.01129   0.03736        39       448         0         0         0         0         0  0.003537         0
     9/119     9.98G   0.02142  0.002973 0.0001321   0.01039   0.03491        58       576         0         0         0         0         0  0.003497         0
    10/119     9.98G   0.01998  0.002962 0.0001115   0.01028   0.03333        43       768         0         0         0         0         0  0.003448         0
    11/119     9.98G   0.01999  0.002384 0.0001113   0.01034   0.03282        48       768         0         0         0         0         0  0.003457         0
    12/119     9.98G   0.02164  0.003063  0.000126   0.01071   0.03554        52       384         0         0         0         0         0  0.003537         0
    13/119     9.98G   0.02095  0.002886 0.0001374   0.01021   0.03418        56       768         0         0         0         0         0  0.003609         0
    14/119     9.98G    0.0203  0.003137 0.0001069   0.01132   0.03487        47       416         0         0         0         0         0  0.003589         0
    15/119     9.98G   0.02152  0.002971 0.0001007   0.01081   0.03541        43       416         0         0         0         0         0  0.003376         0
    16/119     9.98G   0.02162  0.002471   0.00013   0.01186   0.03608        44       928         0         0         0         0         0  0.003199         0
    17/119     9.98G   0.02247  0.002849  0.000107   0.01215   0.03758        36       768         0         0         0         0         0  0.003133         0
    18/119     9.99G   0.02118   0.00343 0.0001974   0.01075   0.03556        45       832         0         0         0         0         0  0.003179         0
    19/119     9.99G   0.02155  0.002505 0.0001178   0.01231   0.03649        40       736         0         0         0         0         0  0.002992         0
    20/119     9.99G   0.02078  0.002826 0.0001027   0.01134   0.03504        45       640         0         0         0         0         0  0.003318         0
    21/119     9.99G   0.02243  0.003469 0.0001158   0.01099     0.037        47       768         0         0         0         0         0  0.003069         0
    22/119     9.99G   0.02175  0.003438 0.0001092   0.01068   0.03597        52       864         0         0         0         0         0  0.003275         0
    23/119     9.99G   0.02123  0.003897 0.0001123   0.01187   0.03711        51       640         0         0         0         0         0  0.003281         0
    24/119     9.99G   0.01847  0.002478   0.00011   0.01015   0.03121        46       576         0         0         0         0         0  0.003225         0
    25/119     9.99G   0.01897  0.003494 0.0001152  0.009497   0.03208        43       640         0         0         0         0         0  0.003149         0
    26/119     9.99G   0.02015  0.002991 0.0001183    0.0104   0.03366        44       864         0         0         0         0         0  0.003162         0
    27/119     9.99G   0.01946  0.002771 0.0001058  0.009975   0.03231        47       832         0         0         0         0         0  0.003336         0
    28/119     9.99G   0.01987  0.003006 0.0001354   0.01006   0.03307        42       672         0         0         0         0         0  0.003104         0
    29/119     9.99G   0.02069  0.002931 0.0001111  0.009888   0.03362        46       960         0         0         0         0         0  0.003188         0
    30/119     9.99G   0.02008  0.002958 0.0001075  0.009764   0.03291        50       704         0         0         0         0         0  0.003349         0
    31/119     9.99G   0.02049  0.002835 0.0001099   0.01032   0.03375        39       864         0         0         0         0         0  0.003299         0
