     2/119     1.09G   0.02237  0.005242 0.0004856   0.01115   0.03924         9       608    0.7461         1    0.9958    0.7496   0.01366  0.001635   5.9e-05
     3/119    0.807G   0.02377  0.004659 0.0001338    0.0115   0.04006         6       608    0.7264         1    0.9958    0.6721    0.0137  0.001697   5.9e-05
     4/119    0.338G   0.02286   0.00309 0.0001188    0.0129   0.03897         7       576    0.7185         1    0.9958    0.7619   0.01531  0.001664 5.936e-05
     5/119    0.115G    0.0278  0.005324 0.0009008   0.01174   0.04577         7       352    0.7233         1    0.9957    0.7419   0.01614  0.001679 5.914e-05
     6/119    0.338G   0.02061  0.001815  0.000185   0.01351   0.03612         5       768    0.7433         1    0.9958    0.7483   0.01479  0.001661 5.871e-05
     7/119     1.39G   0.02051   0.00396 0.0002372    0.0109   0.03561        11       352    0.7403         1    0.9957    0.7479   0.01464  0.001664 5.841e-05
     8/119    0.143G   0.01897  0.003101 0.0001631   0.01015   0.03239         5       416     0.717         1    0.9957    0.7781   0.01317  0.001644 5.879e-05
     9/119    0.333G   0.02299  0.001901  0.000184   0.01151   0.03658         5       896     0.715         1    0.9957     0.785   0.01292  0.001621 5.851e-05
    10/119    0.206G   0.01951  0.003341 0.0001352   0.01069   0.03368         7       704    0.6983         1    0.9957    0.7584   0.01949  0.001656 5.842e-05
    11/119    0.168G   0.02089  0.003366 0.0005624   0.01033   0.03515         7       320    0.7009         1    0.9957    0.7543   0.01577  0.001626 5.764e-05
    12/119     8.46G   0.01982  0.002318 0.0001249   0.01104    0.0333         5       608    0.7008         1    0.9957    0.7658   0.01186  0.001573 5.828e-05
    13/119    0.218G   0.02437  0.005206 0.0004088   0.01422    0.0442         9       640    0.6912         1    0.9957    0.7955   0.01848  0.001613 5.788e-05
    14/119    0.224G   0.02306  0.002652 0.0001122   0.01459   0.04042         6       736    0.6966         1    0.9957    0.7789   0.01472  0.001572 5.792e-05
    15/119     1.47G   0.02765  0.003323 0.0006158   0.01277   0.04436        10       704    0.6472         1    0.9911    0.7793   0.02248   0.00159 5.785e-05
    16/119    0.317G   0.02337  0.001929 0.0001097   0.01312   0.03853         5       800    0.7026         1    0.9957    0.7832   0.01352  0.001501  5.81e-05
    17/119     1.29G   0.02031  0.005313 0.0001361  0.009467   0.03522        11       352    0.7003         1    0.9957    0.7635   0.01902  0.001527 5.791e-05
    18/119    0.333G   0.02601  0.004706  0.000364   0.01092     0.042         6       480    0.6967         1    0.9957    0.7635     0.018  0.001523 5.752e-05
    19/119     6.81G   0.01954  0.002359 0.0001037  0.009197    0.0312         8       640    0.7064         1    0.9957     0.781    0.0135  0.001462 5.767e-05
    20/119    0.201G   0.02135  0.002084 0.0001374   0.01096   0.03453         9       672    0.7036         1    0.9957    0.7889    0.0125  0.001416 5.697e-05
    21/119     3.83G   0.02145  0.002993  0.001137    0.0105   0.03608        10       608     0.706         1    0.9957    0.7879   0.01867  0.001435  5.69e-05
    22/119    0.153G   0.02204  0.002102 0.0001215   0.01096   0.03523         5       448    0.7052         1    0.9957    0.7913   0.01227  0.001404 5.638e-05
    23/119      7.3G   0.02358  0.002483 0.0001541   0.01219   0.03841         6       640    0.6643         1    0.9957    0.7629   0.02416  0.001476 5.668e-05
    24/119      7.3G   0.02534  0.004493 0.0003681   0.00992   0.04012        10       704    0.7105         1    0.9958    0.7696   0.01255  0.001407 5.618e-05
    25/119      7.3G    0.0201  0.003465 0.0001228   0.01278   0.03647         6       416    0.7105         1    0.9958    0.7934   0.01009   0.00137  5.59e-05
    26/119    0.141G   0.01716  0.002062  0.000215    0.0113   0.03074         5       384    0.7394         1    0.9958    0.7694   0.02025  0.001384 5.635e-05
    27/119     7.26G   0.02067  0.001815 0.0001429   0.01033   0.03296         5       896    0.7726         1    0.9958    0.7834   0.01576  0.001332 5.613e-05
    28/119      7.3G   0.02163  0.002467  8.79e-05  0.009865   0.03405         4       608    0.7705         1    0.9958    0.7825   0.01316  0.001315 5.617e-05
    29/119      7.3G   0.01916  0.002095 9.586e-05  0.009517   0.03087         5       768    0.7715         1    0.9958    0.8031   0.01226  0.001279 5.588e-05
    30/119      7.3G   0.02475   0.00517 0.0004709    0.0117   0.04209         8       608    0.4986         1    0.9867    0.7472   0.02838  0.001378 5.469e-05
    31/119     9.36G   0.02017  0.005778  0.001636   0.00833   0.03591        11       384    0.5558         1    0.9771    0.7795   0.03065  0.001395 5.351e-05
    32/119    0.168G   0.03051  0.003803 0.0001919   0.01803   0.05254         6       512    0.5452         1    0.9868    0.7746   0.02333  0.001355 5.295e-05
    33/119     7.39G   0.02971  0.002658 0.0004312   0.01269   0.04549         8       480    0.7718         1    0.9959    0.8038   0.01238  0.001266 5.291e-05
    34/119    0.185G   0.02152   0.00278 0.0001079  0.007646   0.03205         5       544    0.7383         1    0.9959    0.7958    0.0122  0.001234 5.282e-05
    35/119     5.19G   0.02257  0.003161 0.0001211  0.009034   0.03489         9       704    0.7377         1    0.9959    0.8029   0.01246  0.001228 5.295e-05
    36/119     7.59G   0.01858  0.001818 8.745e-05  0.009743   0.03023         6       576    0.7716         1    0.9959    0.8148   0.01042  0.001192 5.273e-05
    37/119     7.59G   0.01996  0.003283 0.0001119  0.009789   0.03314         6       512    0.7723         1    0.9959    0.7916    0.0165   0.00124  5.28e-05
    38/119     9.24G   0.01955  0.003459 0.0002478  0.008633   0.03189         6       320    0.7759         1    0.9959    0.7905   0.01643  0.001243 5.201e-05
    39/119     9.27G   0.02097  0.003879  0.000104     0.013   0.03795         5       640    0.7818         1    0.9959     0.804   0.01118  0.001208 5.245e-05
    40/119     9.27G   0.02248  0.002104 0.0003085   0.01231    0.0372         8       704     0.791         1    0.9959    0.7809     0.015  0.001218 5.232e-05
    41/119    0.315G   0.02346  0.004072 0.0001138    0.0142   0.04185         6       928    0.7882         1    0.9959    0.8168   0.01132  0.001184 5.193e-05
    42/119     5.35G   0.01983  0.003159 9.603e-05   0.01091   0.03399        11       512    0.7888         1    0.9959    0.8013   0.01289  0.001208 5.212e-05
    43/119     8.35G   0.01861  0.001388 0.0001026   0.01346   0.03356         6       672    0.8361         1     0.996    0.7924   0.01224  0.001189 5.202e-05
    44/119     8.35G   0.01979  0.002935 0.0001372  0.009516   0.03238        10       512    0.8367         1     0.996     0.805   0.01227  0.001179 5.168e-05
    45/119     8.35G   0.01826  0.002355 9.331e-05  0.009436   0.03014         5       672    0.8285         1     0.996    0.8039   0.01183  0.001179 5.187e-05
    46/119     8.35G   0.02067  0.004309 0.0001074   0.01021    0.0353         8       768    0.8208         1     0.996    0.7798   0.01239  0.001176 5.161e-05
    47/119    0.883G   0.01494  0.002387 0.0001107  0.009581   0.02701        10       960    0.8393         1     0.996    0.7739   0.01105   0.00117 5.112e-05
    48/119     4.34G   0.02317   0.00211 0.0001074   0.01012   0.03551         7       608    0.8424         1    0.9959    0.7957   0.01464  0.001155 5.175e-05
    49/119     4.35G   0.02385  0.003873 0.0001054    0.0108   0.03863         6       640    0.8376         1    0.9959    0.7975   0.01467  0.001166 5.165e-05
    50/119     7.43G   0.02219  0.001911 0.0001162   0.01159    0.0358         6       640    0.8449         1     0.996    0.8026   0.01575  0.001196 5.164e-05
    51/119     8.27G   0.02133  0.002096 0.0001414   0.01261   0.03618         8       896     0.865         1     0.996    0.7987   0.01105  0.001161 5.166e-05
    52/119     8.27G   0.01785  0.003627  0.000105  0.009295   0.03087         5       544    0.8616         1     0.996    0.7944   0.01266  0.001178 5.182e-05
    53/119     8.27G   0.01617  0.004567 8.642e-05  0.007786   0.02861         5       384    0.8126         1    0.9959    0.7918   0.01997  0.001207 5.191e-05
    54/119     8.27G   0.02306  0.003791 0.0001849   0.00895   0.03599        10       384    0.8391         1    0.9959    0.7837   0.01829  0.001206  5.14e-05
    55/119     2.68G   0.02097   0.00555 0.0001164  0.008698   0.03534         9       608    0.8005         1    0.9959    0.7957   0.01871  0.001192 5.112e-05
    56/119     5.36G   0.02079   0.00229 9.964e-05   0.01075   0.03393         7       448    0.8539         1     0.996    0.8137   0.01011  0.001124 5.107e-05
    57/119     5.73G     0.019  0.004302 0.0001286  0.008752   0.03218        11       384     0.849         1    0.9959    0.8086   0.01156  0.001119 5.109e-05
    58/119     5.73G   0.02081  0.003395 0.0001067   0.01012   0.03443         7       448    0.8399         1     0.996    0.8061   0.01323  0.001131  5.11e-05
    59/119     5.73G   0.01771  0.002577 9.382e-05  0.009577   0.02995         6       416    0.8267         1     0.996    0.8123   0.01465  0.001158 5.093e-05
    60/119     7.18G   0.01486  0.001805 9.032e-05  0.007357   0.02411         6       448     0.801         1     0.996    0.8107    0.0148  0.001152 5.069e-05
    61/119     7.18G   0.01764  0.003671 0.0001188  0.009313   0.03074         8       352    0.8416         1     0.996    0.8216   0.01013  0.001135 5.092e-05
    62/119     7.18G   0.01976  0.002108 9.464e-05  0.009321   0.03128        12       512    0.8599         1     0.996    0.8125   0.01067  0.001121 5.099e-05
    63/119     7.18G   0.01783  0.002214 9.744e-05  0.009412   0.02955         5       864    0.8701         1     0.996    0.8223   0.01127  0.001118 5.063e-05
    64/119     7.18G    0.0237  0.003488 0.0001061   0.01066   0.03795         8       576    0.8244         1     0.996    0.8105   0.01929  0.001168  5.04e-05
    65/119     7.18G   0.02072  0.003204 0.0001987   0.01084   0.03496         5       864    0.8652         1     0.996    0.7955  0.009203  0.001095 5.054e-05
    66/119     7.18G   0.01742  0.002095 9.541e-05  0.009775   0.02938         7       864      0.87         1    0.9961    0.8112   0.01009  0.001088 5.058e-05
    67/119     7.18G   0.02194  0.003663 0.0002125   0.01002   0.03584         8       640    0.8703         1     0.996    0.8272   0.01056  0.001099 5.046e-05
    68/119     7.18G   0.02215  0.005243 9.898e-05  0.008303   0.03579         9       320      0.87         1    0.9961    0.8121   0.01173  0.001104 5.029e-05
    69/119     7.79G   0.01675  0.002383 9.671e-05  0.009209   0.02843         7       320    0.8705         1     0.996    0.8113   0.01276  0.001108 4.989e-05
    70/119     7.79G   0.01952  0.003345 0.0001044   0.01014    0.0331         7       448    0.8708         1     0.996    0.8364  0.008061  0.001043 5.016e-05
    71/119     7.79G   0.01906  0.002873 9.128e-05  0.009011   0.03103         4       576    0.8707         1     0.996    0.8259  0.009471  0.001061 5.009e-05
    72/119     7.79G   0.01893  0.002362 0.0001235   0.01069   0.03211        10       704    0.8716         1     0.996    0.8206   0.01045  0.001085 5.011e-05
    73/119     7.79G   0.01876  0.003055 8.634e-05   0.00917   0.03107         5       544    0.8514         1     0.996    0.8182   0.01027  0.001094 5.013e-05
    74/119    0.292G   0.01903   0.00355 8.716e-05  0.009848   0.03251         9       832    0.8717         1    0.9961    0.8065    0.0144  0.001113 5.004e-05
    75/119     9.17G   0.02128  0.001656 0.0001568    0.0107   0.03379         8       768    0.8731         1    0.9961    0.7966   0.01138  0.001084 4.983e-05
    76/119     9.24G   0.01822  0.002245 9.309e-05  0.009252   0.02981         8       640    0.8728         1    0.9961    0.8239   0.01264  0.001073 5.029e-05
    77/119     9.24G   0.02237  0.001949 0.0001268   0.01072   0.03516         7       736    0.8734         1    0.9961    0.7994   0.01516  0.001077 5.041e-05
    78/119     9.24G   0.01737  0.001496 0.0001089  0.009352   0.02833         6       960    0.8745         1    0.9961    0.7992  0.009644  0.001061 5.011e-05
    79/119     9.24G   0.01747  0.004823  0.001241  0.007491   0.03103        12       352    0.8747         1    0.9961     0.795   0.01705  0.001074  5.04e-05
    80/119     9.24G   0.01705   0.00216 8.036e-05  0.008659   0.02794         5       672    0.8745         1    0.9961    0.8201   0.01022  0.001038 5.003e-05
    81/119     9.24G   0.01877  0.003264 0.0001179  0.009209   0.03136        10       608    0.8744         1    0.9961    0.8188   0.01098  0.001051 5.007e-05
    82/119     9.24G   0.01712  0.002104 8.871e-05  0.008715   0.02803         6       672     0.875         1    0.9961    0.8432   0.01003   0.00104 5.015e-05
    83/119     9.24G   0.01459  0.001998 8.898e-05  0.007084   0.02376         5       384    0.8749         1    0.9961    0.8173   0.01008  0.001047 5.022e-05
    84/119     9.24G   0.01822  0.002415 0.0001043   0.01125   0.03199         8       896    0.8758         1    0.9961    0.8269   0.00903  0.001023 5.038e-05
    85/119     9.24G   0.02022  0.003365  0.000106  0.008298   0.03199         6       576    0.8373         1    0.9961    0.7881   0.02115  0.001112 5.014e-05
    86/119     9.24G   0.02245  0.003483 0.0001502  0.009531   0.03562         9       352    0.8752         1    0.9961    0.8116   0.01401  0.001078 4.977e-05
    87/119     9.24G   0.01844  0.001527 0.0002958  0.009356   0.02962         8       672    0.8762         1    0.9961    0.8048  0.008958  0.001031 4.955e-05
    88/119     9.24G   0.02061  0.001878  0.000135      0.01   0.03263        13       864    0.8771         1    0.9961    0.8089   0.01348  0.001074 4.924e-05
    89/119     9.24G    0.0202  0.004028 9.744e-05   0.01114   0.03547         7       576    0.8771         1    0.9962    0.7941   0.01673  0.001095 4.959e-05
    90/119     9.24G   0.02069  0.003209  0.000259   0.01063   0.03479         6       384    0.8766         1    0.9961    0.8284   0.01178  0.001056 4.906e-05
    91/119     9.24G   0.01791  0.003005 9.475e-05  0.009927   0.03093         5       768    0.8767         1    0.9961    0.8196  0.009039  0.001037   4.9e-05
    92/119     9.24G   0.01648  0.002295 9.723e-05  0.009107   0.02798         8       704    0.8767         1    0.9961    0.8196  0.009521  0.001049 4.878e-05
    93/119     9.24G   0.02083  0.002409 9.344e-05  0.009608   0.03294         5       448    0.8762         1    0.9961     0.817  0.009304  0.001033 4.886e-05
    94/119     9.24G     0.018  0.002673 0.0001064  0.008617    0.0294         5       416    0.8758         1    0.9961    0.8229   0.01073   0.00104 4.885e-05
    95/119     9.24G   0.01523  0.001627  9.43e-05  0.009018   0.02597         6       736    0.8761         1    0.9961    0.8235  0.009564   0.00103 4.873e-05
    96/119     9.24G     0.017   0.00283 9.161e-05  0.009335   0.02926         5       544    0.8756         1    0.9961    0.8174   0.01264  0.001046 4.881e-05
    97/119     9.24G    0.0173  0.002969 0.0001076   0.00808   0.02846         8       512    0.8764         1    0.9961    0.7947    0.0126  0.001046  4.91e-05
    98/119     9.24G   0.01588  0.003752 9.126e-05  0.008351   0.02807        10       320    0.8767         1    0.9961    0.8082   0.01159  0.001039 4.884e-05
    99/119     9.24G    0.0197  0.003336 0.0001369  0.009742   0.03292         9       544    0.8763         1    0.9961    0.8155   0.01105  0.001043 4.895e-05
   100/119     9.25G   0.01848  0.002945 8.718e-05  0.007532   0.02905         5       608    0.8759         1    0.9961    0.8016   0.01423   0.00107 4.884e-05
   101/119     9.25G   0.01893  0.002451 9.203e-05  0.009312   0.03079         5       576    0.8757         1    0.9961    0.8189  0.009653  0.001037 4.882e-05
   102/119     9.25G   0.01858  0.001629 0.0001151  0.008943   0.02927         3       768    0.8762         1    0.9961    0.8152  0.009875   0.00104  4.88e-05
   103/119     9.25G   0.01686  0.002182  0.000107  0.007728   0.02688        11       800    0.8766         1    0.9962    0.8223  0.009783  0.001031 4.911e-05
   104/119     9.25G   0.01711  0.002843 8.952e-05  0.007774   0.02782         8       896    0.8763         1    0.9962    0.8108  0.009601  0.001027 4.925e-05
   105/119     9.25G    0.0157  0.003384  0.000104  0.007153   0.02634        12       416    0.8764         1    0.9962    0.8164   0.01168  0.001028 4.896e-05
   106/119     9.25G   0.01733    0.0048 9.814e-05  0.007569    0.0298         5       320    0.8761         1    0.9962    0.8224  0.009421   0.00101 4.878e-05
   107/119     9.25G   0.01542  0.001813 8.213e-05  0.007098   0.02442         5       448     0.876         1    0.9961    0.8072  0.009112  0.001003 4.849e-05
   108/119     9.25G   0.01964  0.002321 8.758e-05  0.009441   0.03149         8       896    0.8764         1    0.9962    0.8269  0.009646  0.001003 4.861e-05
   109/119     9.25G   0.01848  0.002056 0.0001541  0.009629   0.03032        12       672    0.8768         1    0.9962    0.8438  0.009218  0.001001 4.822e-05
   110/119     9.25G    0.0168  0.004121 0.0002906  0.007966   0.02918         7       416     0.876         1    0.9962    0.8325    0.0106  0.001009 4.825e-05
   111/119     9.25G   0.01659  0.001747  8.86e-05  0.008407   0.02683         6       608    0.8758         1    0.9961    0.8276   0.01106  0.001029  4.81e-05
   112/119     9.25G   0.01497  0.001582 8.645e-05  0.008858    0.0255         5       896    0.8759         1    0.9962    0.8268  0.009844  0.001015 4.817e-05
   113/119     9.25G   0.01701  0.002616 9.621e-05   0.01011   0.02983        11       704    0.8763         1    0.9962    0.8183  0.008369  0.001003 4.812e-05
   114/119     9.25G   0.01576  0.003512 0.0001039  0.008431   0.02781         5       320    0.8758         1    0.9962    0.8087   0.01005  0.001022 4.804e-05
   115/119     9.25G   0.01405  0.001509 7.914e-05  0.006888   0.02252         5       832    0.8758         1    0.9961    0.8263   0.00847  0.001017 4.804e-05
   116/119     9.25G   0.01512  0.001663 9.678e-05  0.007921    0.0248         7       832    0.8758         1    0.9961    0.8037  0.008691  0.001033 4.786e-05
   117/119     9.25G   0.01702    0.0021 8.732e-05  0.007379   0.02659         5       768    0.8755         1    0.9961     0.803  0.008519  0.001028 4.819e-05
   118/119     9.25G    0.0164  0.001974 9.205e-05  0.008875   0.02734         7       672    0.8751         1    0.9961    0.8193   0.01369  0.001062 4.793e-05
   119/119     9.25G   0.01806  0.003716 8.709e-05  0.009931    0.0318         6       896    0.8746         1    0.9962    0.8216   0.01066  0.001039 4.798e-05
