     2/119     1.09G   0.02245  0.005242 0.0004854   0.01135   0.03953         9       608    0.7462         1    0.9958    0.7496   0.01418  0.001637   5.9e-05
     3/119    0.807G   0.02374  0.004654 0.0001335   0.01179   0.04032         6       608    0.7278         1    0.9958    0.6759   0.01307   0.00169   5.9e-05
     4/119    0.336G   0.02171   0.00308 0.0001188   0.01267   0.03757         7       576    0.7186         1    0.9958      0.77   0.01511  0.001667 5.938e-05
     5/119    0.115G   0.02735  0.005319  0.000902   0.01165   0.04522         7       352    0.7073         1    0.9957    0.7376   0.01273  0.001659 5.896e-05
     6/119    0.336G   0.02099   0.00182  0.000185   0.01449   0.03749         5       768    0.7438         1    0.9958    0.7555   0.01299   0.00165 5.849e-05
     7/119     1.39G     0.022  0.003961 0.0002382   0.01043   0.03663        11       352    0.7134         1    0.9957    0.7521   0.01419  0.001662 5.827e-05
     8/119    0.147G   0.02087   0.00311  0.000162  0.009574   0.03372         5       416    0.7168         1    0.9957    0.7762    0.0166  0.001674 5.855e-05
     9/119    0.336G    0.0227  0.001883 0.0001824   0.01129   0.03605         5       896    0.7167         1    0.9957    0.7784   0.01078  0.001601 5.843e-05
    10/119    0.206G   0.01884   0.00333 0.0001344   0.01032   0.03263         7       704    0.5971         1    0.9933    0.7466   0.02464  0.001699 5.812e-05
    11/119    0.168G   0.02292  0.003376 0.0005555   0.01134   0.03819         7       320    0.6975         1    0.9957    0.7471    0.0173  0.001642 5.751e-05
    12/119     8.46G   0.02074  0.002314 0.0001243   0.01072    0.0339         5       608    0.7042         1    0.9957     0.763   0.01312  0.001583 5.821e-05
    13/119    0.212G     0.024  0.005192 0.0004074   0.01397   0.04356         9       640    0.6914         1    0.9957    0.7878    0.0157  0.001595 5.806e-05
    14/119    0.222G   0.02195  0.002648 0.0001124   0.01356   0.03827         6       736    0.6972         1    0.9957    0.7815   0.01249  0.001549 5.801e-05
    15/119     1.47G   0.02688  0.003316 0.0006071   0.01384   0.04464        10       704    0.6496         1    0.9957    0.7744   0.02222  0.001592 5.791e-05
    16/119    0.317G   0.02221  0.001916  0.000109   0.01782   0.04205         5       800    0.7094         1    0.9957    0.7738   0.01214  0.001508 5.781e-05
    17/119     1.29G   0.01985  0.005303 0.0001346   0.01188   0.03717        11       352    0.7043         1    0.9957    0.7716   0.01249  0.001487 5.782e-05
    18/119    0.256G   0.02062  0.004664 0.0003588    0.0123   0.03795         6       480    0.7006         1    0.9957    0.7701   0.01314  0.001486 5.745e-05
    19/119     6.81G   0.01887  0.002343 0.0001034   0.01049    0.0318         8       640    0.7111         1    0.9957    0.7772   0.01375  0.001473  5.74e-05
    20/119    0.203G   0.02297  0.002079 0.0001374   0.01248   0.03766         9       672    0.7071         1    0.9957    0.8036   0.01269  0.001421 5.714e-05
    21/119     3.83G   0.02156  0.002999  0.001146   0.00999   0.03569        10       608    0.7088         1    0.9957    0.7813   0.01463  0.001435 5.657e-05
    22/119    0.151G   0.02036  0.002104 0.0001214   0.01039   0.03298         5       448    0.7093         1    0.9957    0.7995   0.01174  0.001413 5.616e-05
    23/119      7.3G   0.02343   0.00247 0.0001534   0.01276   0.03881         6       640    0.7139         1    0.9958    0.7728   0.01998  0.001439 5.678e-05
    24/119      7.3G   0.02138   0.00449 0.0003691   0.01031   0.03655        10       704    0.6053         1    0.9837    0.7378   0.02251  0.001482 5.553e-05
    25/119      7.3G   0.02439  0.003476  0.000122    0.0115   0.03949         6       416     0.713         1    0.9958    0.7944   0.01127  0.001385 5.579e-05
    26/119    0.141G   0.01699  0.002061 0.0002122   0.01052   0.02978         5       384    0.7598         1    0.9958    0.7849   0.01295  0.001343 5.576e-05
    27/119     7.26G    0.0174  0.001794 0.0001432  0.009788   0.02912         5       896    0.7736         1    0.9958    0.7884   0.01334  0.001327 5.573e-05
    28/119      7.3G   0.02003   0.00247 8.786e-05   0.00991    0.0325         4       608    0.7722         1    0.9958    0.7893    0.0105  0.001315 5.579e-05
    29/119      7.3G    0.0182  0.002082 9.574e-05  0.009269   0.02965         5       768    0.7735         1    0.9958    0.8083   0.01036   0.00128 5.564e-05
    30/119      7.3G   0.02342  0.005168 0.0004811   0.01111   0.04017         8       608    0.5284         1    0.9791    0.7607   0.02947  0.001419 5.448e-05
    31/119     9.36G   0.02053  0.005785   0.00163  0.007982   0.03593        11       384    0.5433         1    0.9771    0.7801   0.03243  0.001443 5.342e-05
    32/119    0.176G   0.03245  0.003808 0.0001932   0.01239   0.04884         6       512    0.7573         1    0.9958    0.7882   0.01451  0.001317 5.287e-05
    33/119     7.39G   0.02236  0.002619 0.0004321   0.01103   0.03644         8       480    0.7734         1    0.9958    0.8007   0.01364  0.001287 5.282e-05
    34/119    0.201G   0.02228  0.002797 0.0001073  0.007541   0.03272         5       544    0.7663         1    0.9959    0.8015   0.01391  0.001261  5.29e-05
    35/119     5.16G   0.01835  0.003113 0.0001201  0.009219    0.0308         9       704    0.7708         1    0.9959    0.8031   0.01289  0.001226 5.294e-05
    36/119     7.57G   0.01896  0.001819 8.738e-05  0.009294   0.03016         6       576    0.7772         1    0.9959    0.8061   0.01238  0.001213 5.264e-05
    37/119     7.57G   0.02188  0.003284 0.0001117   0.01008   0.03535         6       512    0.6111         1    0.9935    0.7776   0.02265  0.001259 5.308e-05
    38/119     9.23G   0.02097  0.003472 0.0002422  0.008894   0.03358         6       320    0.7235         1    0.9959    0.7741   0.02271  0.001268 5.201e-05
    39/119     9.26G   0.02542  0.003886 0.0001028   0.01201   0.04142         5       640    0.7841         1    0.9959    0.7865   0.01983  0.001243 5.245e-05
    40/119     9.26G   0.02506  0.002123 0.0003031    0.0128   0.04028         8       704    0.7909         1    0.9959    0.8009   0.01299   0.00118 5.217e-05
    41/119    0.266G   0.02536  0.004071 0.0001138   0.01369   0.04323         6       928    0.7887         1    0.9959    0.8088  0.009641  0.001153 5.212e-05
    42/119     5.32G   0.02149  0.003158 9.555e-05   0.01101   0.03576        11       512     0.788         1     0.996    0.8055   0.01351  0.001185 5.216e-05
    43/119     8.32G   0.01757  0.001382 0.0001023   0.01126   0.03032         6       672    0.8335         1     0.996    0.7961   0.01033  0.001166 5.208e-05
    44/119     8.33G   0.01799   0.00293 0.0001362  0.008874   0.02993        10       512    0.8334         1     0.996    0.8032   0.01686  0.001198  5.19e-05
    45/119     8.33G   0.01988  0.002361 9.302e-05  0.009091   0.03143         5       672    0.8243         1     0.996    0.7965   0.01522  0.001183 5.215e-05
    46/119     8.33G   0.01921  0.004295 0.0001068   0.01005   0.03366         8       768    0.8044         1     0.996    0.7912  0.009519  0.001152 5.179e-05
    47/119    0.315G   0.01454  0.002404 0.0001103  0.009565   0.02662        10       960    0.8349         1    0.9959    0.7736   0.01004  0.001152  5.13e-05
    48/119     4.74G   0.01928  0.002097 0.0001069   0.01043   0.03192         7       608    0.8369         1    0.9959    0.8094   0.01376  0.001138 5.156e-05
    49/119     4.75G   0.02537  0.003862 0.0001051   0.01176    0.0411         6       640    0.8355         1    0.9959    0.7934   0.01461  0.001152 5.155e-05
    50/119     7.41G   0.02182  0.001903 0.0001154   0.01183   0.03567         6       640    0.8354         1     0.996    0.8075    0.0125  0.001149 5.139e-05
    51/119     9.07G   0.02311  0.002102 0.0001388   0.01235   0.03769         8       896    0.8574         1     0.996    0.8027   0.01134  0.001146 5.153e-05
    52/119     9.07G   0.01857  0.003604 0.0001043  0.008696   0.03097         5       544    0.8577         1     0.996     0.786   0.01421   0.00116 5.184e-05
    53/119     9.07G   0.01709  0.004577 8.617e-05  0.007069   0.02882         5       384    0.8445         1    0.9959    0.7962   0.01755  0.001194 5.145e-05
    54/119     9.07G   0.02283  0.003784 0.0001864  0.008968   0.03577        10       384    0.6094         1    0.9911    0.7841   0.02108  0.001224  5.12e-05
    55/119       10G   0.02199  0.005539 0.0001149  0.009769   0.03742         9       608    0.7148         1    0.9959    0.8097   0.01932  0.001197 5.098e-05
    56/119       10G   0.02052   0.00229 9.945e-05  0.009812   0.03272         7       448    0.8482         1    0.9959    0.8107   0.01065  0.001126 5.111e-05
