     2/119     1.09G   0.02244  0.005243 0.0004853   0.01126   0.03943         9       608    0.7461         1    0.9958    0.7496   0.01414  0.001637 5.898e-05
     3/119    0.807G   0.02376  0.004655 0.0001337    0.0118   0.04035         6       608    0.7279         1    0.9958    0.6668   0.01314   0.00169   5.9e-05
     4/119    0.329G   0.02169  0.003081 0.0001189   0.01262   0.03751         7       576    0.7183         1    0.9958    0.7666   0.01502  0.001666 5.935e-05
     5/119    0.101G   0.02734  0.005324  0.000901    0.0117   0.04527         7       352    0.7078         1    0.9957     0.745   0.01252  0.001656 5.896e-05
     6/119    0.331G   0.02078  0.001819  0.000185   0.01421   0.03699         5       768    0.7438         1    0.9958    0.7452   0.01267  0.001648 5.848e-05
     7/119     1.39G   0.02151  0.003954 0.0002379   0.01043   0.03613        11       352    0.7131         1    0.9957    0.7531   0.01277  0.001653  5.83e-05
     8/119    0.143G   0.01853  0.003094 0.0001631  0.009812    0.0316         5       416    0.7165         1    0.9957    0.7722   0.01205  0.001636 5.873e-05
     9/119    0.331G   0.02081  0.001885 0.0001835   0.01167   0.03454         5       896    0.7168         1    0.9958    0.7845   0.01157  0.001612 5.839e-05
    10/119    0.195G   0.02008  0.003336 0.0001348   0.01077   0.03432         7       704    0.6957         1    0.9957    0.7532   0.02109  0.001694 5.807e-05
    11/119    0.164G    0.0224  0.003387 0.0005626   0.01167   0.03802         7       320    0.6994         1    0.9957    0.7526   0.01775  0.001638  5.77e-05
    12/119     8.46G   0.02001  0.002326 0.0001247    0.0103   0.03276         5       608    0.6983         1    0.9957     0.777   0.01264  0.001576 5.825e-05
    13/119    0.214G    0.0252  0.005209  0.000408   0.01268   0.04349         9       640    0.6451         1    0.9911    0.7807   0.02052  0.001636 5.782e-05
    14/119     0.22G   0.02414  0.002666 0.0001126    0.0121   0.03902         6       736    0.6945         1    0.9957    0.7815    0.0123  0.001561  5.81e-05
    15/119     1.47G   0.02638  0.003334 0.0006109    0.0137   0.04403        10       704    0.6913         1    0.9957    0.7899    0.0153  0.001539 5.815e-05
    16/119    0.312G   0.02014  0.001906 0.0001099   0.01604   0.03819         5       800    0.7056         1    0.9957    0.7869   0.01109  0.001487  5.81e-05
    17/119     1.29G   0.02022  0.005314 0.0001359   0.01091   0.03659        11       352    0.7021         1    0.9957    0.7716   0.01325  0.001483 5.792e-05
    18/119    0.256G   0.02659  0.004658 0.0003622   0.01193   0.04354         6       480    0.6978         1    0.9957    0.7677    0.0148    0.0015 5.759e-05
    19/119     6.81G   0.02042   0.00236 0.0001038   0.01045   0.03334         8       640    0.7082         1    0.9957    0.7874   0.01289  0.001461 5.767e-05
    20/119    0.195G   0.02253  0.002078  0.000138   0.01223   0.03697         9       672    0.7044         1    0.9957    0.7845   0.01403  0.001419 5.733e-05
    21/119     3.83G   0.02386  0.002966  0.001144   0.01102     0.039        10       608    0.5221         1    0.9817    0.7607   0.02227  0.001487 5.629e-05
    22/119    0.191G   0.02317  0.002115 0.0001214   0.01096   0.03637         5       448    0.7094         1    0.9957    0.7924   0.01131  0.001413 5.623e-05
    23/119      7.3G   0.02351   0.00247 0.0001545   0.01308   0.03922         6       640    0.7201         1    0.9958    0.7684   0.02149   0.00145 5.676e-05
    24/119      7.3G   0.02329  0.004494 0.0003657  0.009858   0.03801        10       704    0.5254         1    0.9817     0.722   0.02844  0.001539 5.548e-05
    25/119      7.3G   0.03159  0.003513 0.0001224   0.01204   0.04726         6       416     0.713         1    0.9958    0.7915   0.01462   0.00142  5.58e-05
    26/119    0.136G   0.01804  0.002074  0.000212   0.01092   0.03124         5       384    0.7404         1    0.9958    0.7893   0.01393  0.001357 5.587e-05
    27/119     7.25G   0.01649  0.001791 0.0001439   0.01075   0.02918         5       896     0.772         1    0.9958    0.7965   0.01059  0.001308 5.572e-05
    28/119      7.3G   0.01997   0.00248 8.794e-05  0.009889   0.03243         4       608    0.7711         1    0.9958    0.7943   0.01228  0.001325  5.57e-05
    29/119      7.3G   0.01934  0.002091 9.596e-05  0.009818   0.03134         5       768    0.7727         1    0.9958    0.7895   0.01259  0.001289 5.582e-05
    30/119      7.3G   0.02379  0.005167 0.0004553   0.01185   0.04126         8       608    0.5904         1    0.9887    0.7381   0.02491  0.001394 5.449e-05
    31/119     9.35G   0.01965  0.005781  0.001645  0.008476   0.03555        11       384    0.5421         1    0.9867    0.7511   0.02681  0.001409 5.356e-05
    32/119    0.161G   0.02888  0.003803 0.0001963   0.01769   0.05057         6       512    0.5348         1    0.9868    0.7327    0.0264  0.001422 5.284e-05
    33/119     7.38G   0.03379  0.002724  0.000432   0.01157   0.04852         8       480    0.5574         1    0.9912    0.7832    0.0236  0.001383 5.264e-05
    34/119    0.178G   0.02121  0.002781  0.000108  0.007357   0.03146         5       544    0.7685         1    0.9958    0.7745   0.01857  0.001309 5.263e-05
    35/119     5.14G   0.02166  0.003133 0.0001202  0.009516   0.03443         9       704    0.7703         1    0.9958    0.8072   0.01205  0.001246 5.295e-05
    36/119     7.56G   0.01827  0.001825 8.705e-05   0.00875   0.02893         6       576    0.7774         1    0.9959    0.8118  0.008769  0.001202 5.278e-05
    37/119     7.56G   0.02186  0.003241  0.000112   0.01071   0.03592         6       512    0.5602         1    0.9911    0.7802   0.02564  0.001289 5.341e-05
    38/119     9.21G   0.02311  0.003475 0.0002438  0.009958   0.03679         6       320    0.5779         1    0.9911    0.7802   0.02324  0.001278  5.24e-05
    39/119     9.24G   0.02704  0.003893 0.0001026   0.01051   0.04154         5       640    0.5637         1    0.9911    0.7914   0.02464  0.001281 5.242e-05
    40/119     9.24G   0.02679  0.002114 0.0003065   0.01219   0.04139         8       704    0.7927         1     0.996     0.804   0.01038  0.001176 5.253e-05
    41/119    0.308G   0.02797  0.004071 0.0001138   0.01237   0.04452         6       928    0.7909         1     0.996    0.8196   0.01755  0.001203 5.232e-05
    42/119     5.35G   0.02186  0.003168 9.614e-05  0.009529   0.03465        11       512    0.7898         1     0.996    0.8022    0.0129  0.001173 5.248e-05
    43/119     8.35G   0.01778  0.001376 0.0001028   0.01242   0.03168         6       672     0.835         1     0.996    0.8036   0.01119  0.001165  5.21e-05
    44/119     8.35G   0.01867  0.002927 0.0001369   0.01004   0.03177        10       512    0.8352         1     0.996    0.8021   0.01111  0.001162 5.195e-05
    45/119     8.35G   0.01703   0.00235 9.358e-05  0.009554   0.02903         5       672    0.8254         1    0.9959    0.8045   0.01062  0.001161 5.196e-05
    46/119     8.35G    0.0223   0.00431 0.0001073  0.009735   0.03645         8       768     0.798         1     0.996    0.7656   0.01799  0.001201 5.198e-05
    47/119    0.333G   0.01638    0.0024 0.0001111  0.008519   0.02741        10       960     0.837         1    0.9959     0.759   0.01532  0.001193 5.138e-05
    48/119     4.78G   0.02169  0.002104 0.0001077  0.009863   0.03377         7       608     0.841         1    0.9959    0.8085   0.01312  0.001131 5.184e-05
    49/119     4.78G   0.02567  0.003879 0.0001055   0.01157   0.04122         6       640    0.8388         1    0.9959    0.7881   0.01937  0.001167 5.219e-05
    50/119     7.43G    0.0227  0.001892 0.0001158   0.01116   0.03586         6       640    0.8458         1     0.996    0.8154   0.01144  0.001134 5.204e-05
    51/119     8.76G   0.02072  0.002096 0.0001409   0.01217   0.03513         8       896    0.8583         1     0.996    0.8121  0.008755  0.001115 5.189e-05
    52/119     8.76G   0.01882   0.00361 0.0001051  0.008811   0.03135         5       544    0.8569         1     0.996    0.7918    0.0132  0.001141 5.221e-05
    53/119     8.76G   0.01704  0.004574 8.647e-05  0.007146   0.02884         5       384    0.8466         1     0.996    0.8021   0.01508  0.001152 5.211e-05
    54/119     8.76G   0.02124  0.003777 0.0001839  0.009874   0.03508        10       384    0.8364         1    0.9959    0.8014   0.01296  0.001155 5.189e-05
    55/119     9.71G   0.01681  0.005539 0.0001155   0.00908   0.03154         9       608    0.8341         1    0.9959    0.8108   0.01134  0.001124 5.157e-05
    56/119     9.71G   0.01892  0.002272 9.999e-05   0.01033   0.03162         7       448    0.8488         1     0.996    0.8186  0.009325  0.001105 5.135e-05
    57/119     9.71G   0.01941  0.004322 0.0001283  0.008367   0.03223        11       384    0.8468         1     0.996    0.7986    0.0145  0.001131 5.123e-05
    58/119     9.71G   0.02114  0.003407 0.0001069  0.009653   0.03431         7       448    0.8395         1     0.996    0.8178   0.01129  0.001099 5.131e-05
    59/119     9.71G   0.01918  0.002593 9.383e-05    0.0103   0.03216         6       416    0.8251         1     0.996     0.807   0.01153  0.001106 5.149e-05
    60/119     9.71G    0.0151  0.001805 9.069e-05  0.008195   0.02519         6       448    0.8433         1     0.996      0.81   0.01338  0.001117 5.103e-05
    61/119     9.71G   0.01792  0.003664 0.0001187   0.01002   0.03172         8       352    0.8398         1     0.996    0.8249  0.009702  0.001115 5.116e-05
    62/119     9.71G    0.0179  0.002106 9.492e-05  0.009833   0.02993        12       512    0.8551         1     0.996    0.8084  0.008881  0.001099 5.117e-05
    63/119     9.71G   0.01797   0.00223 9.756e-05  0.009439   0.02973         5       864    0.8696         1    0.9961    0.8131   0.01091  0.001098 5.098e-05
    64/119     9.71G   0.02094  0.003468 0.0001064  0.009746   0.03426         8       576    0.8555         1     0.996    0.8207   0.01501  0.001115 5.108e-05
    65/119     9.71G    0.0201  0.003167 0.0001929   0.01189   0.03535         5       864     0.858         1     0.996    0.7845   0.01052  0.001109 5.069e-05
    66/119     9.71G   0.01783  0.002081 9.552e-05  0.009646   0.02965         7       864    0.8673         1     0.996    0.8234  0.009322  0.001079 5.073e-05
    67/119     9.71G   0.02169   0.00368 0.0002053  0.009663   0.03524         8       640    0.8697         1    0.9961    0.8202  0.009284   0.00109 5.061e-05
    68/119     9.71G   0.01909  0.005226 9.885e-05  0.008919   0.03333         9       320    0.8665         1     0.996    0.8043   0.01391  0.001123 5.026e-05
    69/119     9.71G    0.0172   0.00239 9.649e-05  0.009024   0.02871         7       320    0.8699         1     0.996    0.8282  0.009111  0.001072 5.021e-05
    70/119     9.71G   0.01883   0.00334 0.0001042   0.01054   0.03281         7       448    0.8703         1     0.996    0.8255  0.009795  0.001064 5.027e-05
    71/119     9.71G   0.01743  0.002861 9.126e-05  0.009745   0.03012         4       576    0.8702         1     0.996    0.8086  0.009213  0.001058 5.003e-05
    72/119     9.71G    0.0182  0.002333 0.0001237   0.01283   0.03348        10       704    0.8711         1     0.996    0.8217  0.008641  0.001069 5.022e-05
    73/119     9.71G   0.01851  0.003064 8.667e-05  0.009973   0.03164         5       544    0.8698         1     0.996    0.8158   0.01086  0.001088 5.031e-05
    74/119    0.308G   0.01934  0.003552 8.739e-05   0.00978   0.03276         9       832    0.8712         1     0.996    0.8109   0.01326  0.001096 5.016e-05
    75/119      9.3G   0.02081  0.001658 0.0001564   0.01182   0.03444         8       768    0.8726         1    0.9961    0.7875   0.01153  0.001085 4.989e-05
    76/119     9.36G   0.01821  0.002242 9.284e-05  0.009378   0.02993         8       640    0.8727         1    0.9961    0.8279    0.0111  0.001056 5.041e-05
    77/119     9.36G   0.02186  0.001948 0.0001285   0.01042   0.03437         7       736    0.8731         1     0.996    0.7982   0.01413  0.001066  5.04e-05
    78/119     9.36G   0.01693  0.001486 0.0001094  0.009198   0.02773         6       960    0.8742         1    0.9961    0.7894  0.009387  0.001057 5.018e-05
    79/119     9.36G   0.01748  0.004823  0.001231  0.007787   0.03132        12       352    0.8744         1    0.9961    0.7939   0.01401  0.001051 5.027e-05
    80/119     9.36G   0.01727  0.002158 8.034e-05   0.00825   0.02776         5       672    0.8743         1    0.9961    0.8135   0.01095  0.001041  5.02e-05
    81/119     9.36G   0.01906  0.003253 0.0001203  0.009292   0.03173        10       608    0.8744         1    0.9961    0.8127   0.01071  0.001036 5.033e-05
    82/119     9.36G   0.01672  0.002133 8.939e-05  0.009029   0.02797         6       672    0.8749         1    0.9961    0.8421  0.009414   0.00103 5.039e-05
    83/119     9.36G   0.01433  0.002004 8.941e-05  0.006728   0.02315         5       384    0.8748         1    0.9961    0.8171   0.01094  0.001051 5.042e-05
    84/119     9.36G   0.01861  0.002427 0.0001041   0.01047   0.03161         8       896    0.8758         1    0.9961    0.8381   0.01065  0.001039 5.039e-05
    85/119     9.36G   0.02078  0.003356 0.0001065  0.008123   0.03236         6       576    0.8237         1     0.996    0.7947    0.0206  0.001105 5.009e-05
    86/119     9.36G   0.02191   0.00349 0.0001507  0.009023   0.03458         9       352    0.8751         1    0.9961    0.8128   0.01438  0.001075 4.982e-05
    87/119     9.36G   0.01855  0.001538 0.0003219  0.009146   0.02955         8       672    0.8761         1    0.9961    0.8029  0.008434  0.001024 4.951e-05
    88/119     9.36G   0.02009  0.001878 0.0001362   0.01009   0.03219        13       864     0.877         1    0.9961    0.8176   0.01131  0.001044 4.933e-05
    89/119     9.36G   0.02166  0.004005 9.782e-05     0.011   0.03676         7       576    0.8402         1    0.9961    0.7842   0.01976  0.001101 4.953e-05
    90/119     9.36G   0.02195  0.003198 0.0002626   0.01053   0.03594         6       384    0.8766         1    0.9961    0.8169   0.01022  0.001035 4.919e-05
    91/119     9.36G   0.01985  0.003023 9.534e-05    0.0108   0.03377         5       768    0.8766         1    0.9961     0.813    0.0109  0.001041 4.883e-05
    92/119     9.36G   0.01782  0.002297 9.737e-05  0.009851   0.03007         8       704     0.877         1    0.9961    0.8139  0.009707  0.001039 4.876e-05
    93/119     9.36G   0.01904  0.002382 9.365e-05  0.009094   0.03061         5       448    0.8764         1    0.9961    0.8143  0.008878  0.001028 4.874e-05
    94/119     9.36G   0.01758  0.002657 0.0001067  0.008521   0.02887         5       416    0.8761         1    0.9961    0.8195   0.01013  0.001045 4.869e-05
    95/119     9.36G   0.01508  0.001624  9.45e-05  0.009256   0.02605         6       736    0.8763         1    0.9961    0.8246  0.008451   0.00103 4.866e-05
    96/119     9.36G    0.0171  0.002833  9.19e-05  0.008142   0.02817         5       544    0.8757         1    0.9961    0.8212   0.01033  0.001036 4.867e-05
    97/119     9.36G   0.01655  0.002955 0.0001092  0.006974   0.02658         8       512    0.8766         1    0.9961    0.8019  0.009866  0.001029 4.885e-05
    98/119     9.36G   0.01574  0.003748 9.148e-05  0.007501   0.02708        10       320    0.8768         1    0.9961    0.8131   0.01058  0.001038 4.855e-05
    99/119     9.36G   0.01935   0.00334 0.0001364  0.009678    0.0325         9       544    0.8765         1    0.9961     0.814   0.00964  0.001038 4.872e-05
   100/119     9.36G   0.01834  0.002948 8.714e-05  0.007784   0.02916         5       608     0.876         1    0.9961    0.8012   0.01233  0.001058 4.875e-05
   101/119     9.36G   0.01929  0.002458 9.207e-05  0.008918   0.03076         5       576    0.8757         1    0.9961    0.7977    0.0129  0.001056 4.854e-05
   102/119     9.36G   0.01864  0.001623 0.0001162  0.009697   0.03008         3       768    0.8764         1    0.9961      0.81   0.01033  0.001053 4.846e-05
   103/119     9.36G    0.0163  0.002157 0.0001072  0.008001   0.02656        11       800    0.8768         1    0.9962    0.8157  0.009832  0.001041 4.882e-05
   104/119     9.36G   0.01702  0.002858 8.953e-05  0.008023   0.02799         8       896    0.8765         1    0.9961    0.8169  0.008585  0.001035 4.896e-05
   105/119     9.36G   0.01542  0.003391 0.0001049  0.007208   0.02612        12       416    0.8767         1    0.9962    0.8118    0.0113   0.00104 4.869e-05
   106/119     9.36G   0.01682  0.004804 9.795e-05   0.00775   0.02948         5       320    0.8764         1    0.9962     0.823  0.008681  0.001014 4.858e-05
   107/119     9.37G   0.01537  0.001818 8.218e-05  0.007168   0.02444         5       448    0.8764         1    0.9961    0.8078  0.008682  0.001009 4.826e-05
   108/119     9.37G   0.02297  0.002327 8.736e-05  0.009045   0.03443         8       896    0.8681         1    0.9962    0.8123   0.01739  0.001071 4.815e-05
   109/119     9.37G   0.02091   0.00207 0.0001581  0.009197   0.03234        12       672     0.877         1    0.9962    0.8305   0.01085  0.001014 4.806e-05
   110/119     9.37G   0.01706  0.004119 0.0003028   0.00829   0.02978         7       416    0.8761         1    0.9962    0.8233  0.009163  0.001005 4.812e-05
   111/119     9.38G   0.01671   0.00175 8.844e-05  0.008472   0.02702         6       608    0.8759         1    0.9961    0.8174   0.01254  0.001044 4.789e-05
   112/119     9.38G   0.01545  0.001581 8.641e-05  0.009294   0.02641         5       896     0.876         1    0.9961    0.8214   0.01061  0.001026  4.79e-05
   113/119     9.38G    0.0177  0.002618 9.614e-05    0.0102   0.03061        11       704    0.8762         1    0.9961    0.8292  0.008189  0.001005 4.803e-05
   114/119     9.38G   0.01597  0.003509  0.000104   0.00765   0.02724         5       320    0.8757         1    0.9961    0.8122  0.009952  0.001023 4.803e-05
   115/119     9.38G   0.01392  0.001509 7.926e-05  0.006942   0.02245         5       832    0.8758         1    0.9961    0.8243  0.008196  0.001019 4.799e-05
   116/119     9.38G     0.015  0.001661 9.708e-05  0.007872   0.02463         7       832    0.8757         1    0.9962    0.8034  0.008633  0.001039 4.789e-05
   117/119     9.38G    0.0176    0.0021  8.76e-05  0.007488   0.02728         5       768    0.8754         1    0.9961    0.8032  0.008693  0.001031  4.83e-05
   118/119     9.38G   0.01632  0.001967 9.229e-05   0.00862     0.027         7       672     0.875         1    0.9961    0.8238   0.01397  0.001067 4.797e-05
   119/119     9.38G   0.01855  0.003722 8.701e-05  0.008997   0.03136         6       896    0.8747         1    0.9962    0.8161  0.009005  0.001028 4.801e-05
