     2/119     1.09G   0.02245  0.005243 0.0004863   0.01132    0.0395         9       608    0.7462         1    0.9958    0.7496   0.01417  0.001637   5.9e-05
     3/119    0.807G   0.02372  0.004653 0.0001336   0.01184   0.04035         6       608     0.728         1    0.9958    0.6675   0.01298  0.001687 5.901e-05
     4/119    0.336G   0.02173   0.00308 0.0001189   0.01277    0.0377         7       576    0.7183         1    0.9958    0.7621   0.01559  0.001672 5.937e-05
     5/119    0.115G   0.02742  0.005322 0.0009014   0.01169   0.04533         7       352    0.7074         1    0.9957    0.7437   0.01318  0.001663 5.891e-05
     6/119    0.336G   0.02117  0.001822 0.0001849   0.01409   0.03727         5       768    0.7439         1    0.9958    0.7452   0.01221  0.001646 5.842e-05
     7/119     1.39G   0.01958  0.003947 0.0002353   0.01076   0.03452        11       352    0.7139         1    0.9957    0.7509    0.0135  0.001662 5.829e-05
     8/119    0.147G    0.0185  0.003096 0.0001623  0.009981   0.03173         5       416    0.7167         1    0.9957    0.7722   0.01352  0.001645 5.874e-05
     9/119    0.336G    0.0218  0.001887 0.0001828   0.01115   0.03502         5       896    0.7156         1    0.9957      0.77   0.01165  0.001621 5.842e-05
    10/119    0.206G   0.01802  0.003342 0.0001346   0.01053   0.03203         7       704    0.7021         1    0.9957    0.7748   0.01186  0.001613  5.81e-05
    11/119     0.17G   0.01937  0.003352 0.0005474   0.01071   0.03398         7       320    0.7031         1    0.9957    0.7536   0.01684  0.001639 5.759e-05
    12/119     8.46G   0.02066  0.002316 0.0001243    0.0105   0.03361         5       608    0.7052         1    0.9957    0.7737   0.01375  0.001583 5.832e-05
    13/119    0.218G   0.02758  0.005221 0.0004069   0.01396   0.04717         9       640    0.6923         1    0.9957    0.7878   0.01699  0.001605 5.812e-05
    14/119    0.222G    0.0221  0.002652 0.0001126   0.01332   0.03819         6       736    0.6983         1    0.9957    0.7818   0.01171  0.001549 5.827e-05
    15/119     1.47G    0.0281  0.003319 0.0006036   0.01396   0.04598        10       704    0.6491         1    0.9957    0.7751   0.02078  0.001583 5.825e-05
    16/119    0.319G   0.02141  0.001929 0.0001096   0.01914   0.04259         5       800      0.71         1    0.9957    0.7572   0.01232    0.0015  5.82e-05
    17/119     1.29G   0.01942  0.005295 0.0001352   0.01236   0.03721        11       352    0.6366         1    0.9957    0.7674   0.02051  0.001533 5.779e-05
    18/119    0.327G   0.02669  0.004678 0.0003606   0.01229   0.04402         6       480    0.6989         1    0.9957    0.7595   0.01874  0.001529 5.773e-05
    19/119     6.81G   0.02037  0.002342 0.0001036   0.01085   0.03367         8       640    0.7108         1    0.9957    0.7835   0.01137  0.001462 5.778e-05
    20/119    0.201G   0.02148  0.002084 0.0001383   0.01254   0.03624         9       672    0.7082         1    0.9957     0.791   0.01012  0.001395 5.738e-05
    21/119     3.83G   0.02286  0.002966  0.001143    0.0109   0.03788        10       608    0.6416         1    0.9957    0.7816    0.0199  0.001461 5.648e-05
    22/119    0.197G   0.02194  0.002106 0.0001216   0.01096   0.03513         5       448    0.7134         1    0.9957    0.7928   0.01173  0.001407 5.631e-05
    23/119     7.31G   0.02401  0.002479 0.0001536    0.0128   0.03945         6       640    0.7012         1    0.9958    0.7671   0.02265  0.001454 5.695e-05
    24/119     7.31G    0.0235  0.004495  0.000367   0.01016   0.03852        10       704    0.5295         1    0.9817    0.7308   0.02593  0.001508 5.555e-05
    25/119     7.31G   0.02647  0.003489 0.0001225   0.01248   0.04256         6       416    0.7194         1    0.9958    0.7768   0.01785  0.001443  5.62e-05
    26/119    0.145G   0.01887  0.002081 0.0002144   0.01063    0.0318         5       384     0.748         1    0.9958    0.7797    0.0169  0.001373 5.609e-05
    27/119     7.26G   0.01933  0.001811 0.0001431  0.009934   0.03122         5       896     0.773         1    0.9959    0.7841   0.01546  0.001347 5.596e-05
    28/119     7.31G   0.02185  0.002481 8.811e-05  0.009621   0.03404         4       608     0.772         1    0.9959    0.7736   0.01556  0.001341 5.611e-05
    29/119     7.31G   0.02011    0.0021 9.614e-05  0.009283   0.03159         5       768    0.7733         1    0.9958    0.7959   0.01301  0.001289 5.602e-05
    30/119     7.31G   0.02368  0.005179 0.0005016   0.01145   0.04081         8       608    0.5877         1    0.9887    0.7524    0.0236  0.001371 5.442e-05
    31/119     9.37G   0.01899  0.005783  0.001641  0.008408   0.03482        11       384     0.543         1    0.9867    0.7651   0.02703    0.0014 5.317e-05
    32/119    0.203G   0.03083  0.003803 0.0001925   0.01789   0.05272         6       512    0.7288         1    0.9958     0.772   0.02021  0.001354 5.285e-05
    33/119     7.41G   0.02597  0.002642  0.000432   0.01353   0.04257         8       480    0.7742         1    0.9958    0.7875   0.01953  0.001335 5.305e-05
    34/119    0.226G   0.01976  0.002777 0.0001083  0.008167   0.03081         5       544    0.7705         1    0.9959    0.7521   0.01956  0.001312 5.284e-05
    35/119     5.18G   0.02316  0.003128 0.0001199  0.009146   0.03556         9       704    0.7517         1    0.9958    0.7928   0.01626  0.001262  5.29e-05
    36/119     7.59G   0.01945  0.001825 8.748e-05   0.00917   0.03053         6       576    0.7729         1    0.9959    0.8149   0.01002  0.001194 5.276e-05
    37/119     7.59G    0.0203  0.003302 0.0001119    0.0101   0.03381         6       512    0.7751         1    0.9959    0.7916   0.01752  0.001227 5.309e-05
    38/119     9.24G   0.01989   0.00346 0.0002338   0.00915   0.03274         6       320    0.7766         1    0.9959    0.8009   0.01188  0.001187 5.229e-05
    39/119     9.27G   0.01959  0.003866 0.0001027   0.01463   0.03819         5       640    0.7819         1    0.9959    0.8063   0.01289  0.001192 5.259e-05
    40/119     9.27G   0.02289  0.002137 0.0003093   0.01377   0.03911         8       704      0.79         1    0.9959    0.7898    0.0171  0.001192 5.221e-05
    41/119    0.346G   0.02489  0.004075 0.0001137   0.01262    0.0417         6       928     0.788         1    0.9959     0.819   0.01853  0.001201 5.184e-05
    42/119     5.36G   0.02105  0.003139 9.565e-05  0.009702   0.03399        11       512    0.7897         1     0.996    0.8144     0.011  0.001158 5.212e-05
    43/119     8.37G   0.01687  0.001379 0.0001022   0.01082   0.02916         6       672    0.8346         1    0.9959    0.8073   0.01096  0.001159 5.174e-05
    44/119     8.37G    0.0189   0.00293 0.0001359   0.00952   0.03149        10       512    0.8347         1     0.996    0.8058  0.009917  0.001151 5.188e-05
    45/119     8.37G   0.01643  0.002374 9.332e-05  0.007766   0.02667         5       672    0.8177         1     0.996    0.8025   0.01094  0.001165 5.186e-05
    46/119     8.37G   0.01907  0.004294 0.0001071  0.009969   0.03344         8       768    0.7924         1    0.9959    0.7891   0.01414  0.001195 5.161e-05
    47/119    0.398G   0.01578  0.002405 0.0001095  0.009454   0.02775        10       960    0.8356         1    0.9959     0.768   0.01421  0.001177 5.131e-05
    48/119     4.78G   0.02249  0.002102 0.0001074   0.01085   0.03555         7       608    0.8372         1    0.9959    0.8024   0.01083  0.001124 5.177e-05
    49/119     4.79G   0.02655  0.003872 0.0001051    0.0124   0.04292         6       640    0.8357         1    0.9959    0.7922   0.01302   0.00117 5.176e-05
    50/119     7.45G   0.02032  0.001889 0.0001158    0.0112   0.03352         6       640    0.8418         1     0.996     0.797   0.01159   0.00116 5.176e-05
    51/119     9.11G    0.0194   0.00209 0.0001399   0.01209   0.03372         8       896    0.8552         1     0.996    0.8194   0.01047  0.001146 5.171e-05
    52/119     9.11G   0.01748  0.003613 0.0001046   0.00935   0.03055         5       544    0.8568         1     0.996    0.8017  0.009871  0.001153 5.196e-05
    53/119     9.11G   0.01613  0.004573 8.635e-05  0.007353   0.02814         5       384    0.8442         1     0.996    0.8068   0.01766  0.001197 5.182e-05
    54/119     9.11G   0.02235  0.003795 0.0001881  0.009405   0.03574        10       384    0.6062         1    0.9913    0.7714   0.02651  0.001287 5.102e-05
    55/119     10.1G   0.02588  0.005581 0.0001142   0.01129   0.04287         9       608    0.5704         1    0.9913    0.7605   0.02932  0.001313 5.078e-05
    56/119     10.1G   0.02913  0.002367 9.881e-05   0.01153   0.04312         7       448    0.8503         1     0.996    0.8135   0.01162  0.001158 5.093e-05
    57/119     10.1G   0.02333  0.004349 0.0001276  0.008463   0.03627        11       384    0.8502         1    0.9959    0.8068   0.01289  0.001141 5.096e-05
    58/119     10.1G   0.02111  0.003417 0.0001062  0.009789   0.03443         7       448    0.8156         1     0.996    0.8105   0.01309  0.001132  5.11e-05
    59/119     10.1G   0.02015  0.002605 9.354e-05   0.01059   0.03344         6       416    0.7991         1     0.996    0.8163   0.01164  0.001129 5.101e-05
    60/119     10.1G    0.0146  0.001804 9.043e-05  0.007273   0.02377         6       448    0.8458         1     0.996    0.8104   0.01286  0.001135 5.064e-05
    61/119     10.1G   0.01772  0.003661 0.0001181  0.009006   0.03051         8       352    0.8457         1     0.996    0.8209   0.01041  0.001121 5.078e-05
    62/119     10.1G     0.019  0.002118 9.438e-05  0.009549   0.03076        12       512    0.8645         1     0.996    0.8073   0.00882  0.001104 5.076e-05
    63/119     10.1G   0.01792  0.002211  9.73e-05   0.00859   0.02882         5       864    0.8703         1     0.996    0.8128   0.01279  0.001123 5.041e-05
    64/119     10.1G   0.02198  0.003479 0.0001059   0.00985   0.03542         8       576    0.8627         1     0.996     0.825   0.01454  0.001122 5.043e-05
    65/119     10.1G   0.02064  0.003195 0.0001973   0.01255   0.03658         5       864    0.8664         1     0.996    0.7959  0.009921  0.001103 5.027e-05
    66/119     10.1G   0.01774  0.002093 9.518e-05  0.009613   0.02955         7       864    0.8699         1    0.9961    0.8123   0.01088  0.001086 5.045e-05
    67/119     10.1G    0.0217  0.003672 0.0002065  0.009286   0.03486         8       640    0.8702         1     0.996    0.8309  0.008366  0.001073 5.023e-05
    68/119     10.1G   0.01887  0.005217  9.86e-05  0.008606   0.03279         9       320    0.8699         1     0.996    0.8215   0.01077  0.001081 5.013e-05
    69/119     10.1G   0.01612  0.002388 9.624e-05  0.008709   0.02731         7       320    0.8704         1     0.996    0.8219  0.008992  0.001072 5.007e-05
    70/119     10.1G   0.01866  0.003341 0.0001035  0.009644   0.03175         7       448    0.8712         1     0.996    0.8261  0.008683  0.001046 5.016e-05
    71/119     10.1G   0.01816  0.002858 9.107e-05  0.008935   0.03004         4       576     0.871         1     0.996    0.8139   0.01064  0.001069 5.002e-05
    72/119     10.1G   0.01851  0.002338 0.0001233   0.01174   0.03271        10       704     0.872         1     0.996    0.8131  0.008975  0.001069 5.012e-05
    73/119     10.1G   0.01836  0.003065 8.637e-05  0.009557   0.03106         5       544    0.8698         1     0.996    0.8165   0.01066  0.001084 5.023e-05
    74/119    0.294G   0.01977  0.003552   8.7e-05    0.0107   0.03411         9       832    0.8718         1     0.996    0.8053   0.01599  0.001119 5.008e-05
    75/119     9.29G   0.02071  0.001661 0.0001576   0.01128    0.0338         8       768    0.8732         1    0.9961    0.7973   0.01187  0.001088 4.984e-05
    76/119     9.36G   0.01822  0.002249 9.216e-05  0.008905   0.02947         8       640     0.873         1    0.9961    0.8227  0.009748  0.001046 5.027e-05
    77/119     9.36G   0.02225  0.001948 0.0001274   0.01109   0.03542         7       736    0.8739         1     0.996     0.793   0.01644  0.001082  5.04e-05
    78/119     9.36G   0.01782  0.001505 0.0001092  0.009748   0.02918         6       960     0.875         1    0.9961    0.8079  0.009306  0.001053 4.996e-05
    79/119     9.36G   0.01728  0.004803  0.001249   0.00747    0.0308        12       352    0.8752         1    0.9961    0.7979   0.01615   0.00106 5.004e-05
    80/119     9.36G   0.01624  0.002163     8e-05  0.008388   0.02687         5       672     0.875         1    0.9961    0.8212   0.01051  0.001031 4.989e-05
    81/119     9.36G   0.01912  0.003261 0.0001192  0.009188   0.03169        10       608    0.8751         1     0.996    0.8209   0.01099   0.00104 4.989e-05
    82/119     9.36G   0.01715  0.002119 8.891e-05  0.008839   0.02819         6       672    0.8756         1    0.9961    0.8296  0.009274  0.001029 5.004e-05
    83/119     9.36G   0.01419  0.001999 8.887e-05  0.006505   0.02279         5       384    0.8755         1    0.9961    0.8198  0.008981  0.001036 5.014e-05
    84/119     9.36G   0.01697   0.00241 0.0001031   0.01015   0.02964         8       896    0.8762         1    0.9961    0.8422  0.009039  0.001021 5.024e-05
    85/119     9.36G   0.02014  0.003391  0.000103  0.007857   0.03149         6       576     0.812         1    0.9961    0.7886   0.02025  0.001097 4.996e-05
    86/119     9.36G   0.02167  0.003466 0.0001513  0.009251   0.03454         9       352    0.8756         1    0.9961    0.8178   0.01301  0.001062 4.973e-05
    87/119     9.36G   0.01839   0.00153 0.0003241  0.009039   0.02928         8       672    0.8766         1    0.9961    0.8042  0.009061  0.001025 4.938e-05
    88/119     9.36G   0.02047  0.001883 0.0001369   0.01038   0.03287        13       864    0.8773         1    0.9961    0.8115   0.01386  0.001056 4.905e-05
    89/119     9.36G   0.02008  0.004047 9.711e-05   0.01274   0.03696         7       576    0.8774         1    0.9962    0.8077   0.01166  0.001044 4.922e-05
    90/119     9.36G   0.01977  0.003202 0.0002489  0.009118   0.03234         6       384     0.877         1    0.9962    0.8212   0.01018  0.001034 4.904e-05
    91/119     9.36G   0.01973  0.003033 9.478e-05   0.01018   0.03304         5       768    0.6379         1    0.9937    0.7825   0.02243  0.001118 4.905e-05
    92/119     9.36G   0.02487  0.002361 9.738e-05  0.008987   0.03631         8       704     0.877         1    0.9961    0.8146   0.01094  0.001053 4.855e-05
    93/119     9.37G   0.01882  0.002396 9.334e-05  0.009101   0.03041         5       448    0.8765         1    0.9961    0.8065  0.008646  0.001017 4.875e-05
    94/119     9.37G   0.01719  0.002637 0.0001064   0.00884   0.02877         5       416    0.8763         1    0.9961    0.8245  0.009816  0.001024 4.881e-05
    95/119     9.37G   0.01522  0.001625 9.426e-05  0.009166   0.02611         6       736    0.8765         1    0.9961     0.824  0.008559   0.00101  4.87e-05
    96/119     9.37G   0.01764  0.002827 9.148e-05  0.008902   0.02946         5       544    0.8759         1    0.9961    0.8226   0.01026  0.001013 4.885e-05
    97/119     9.37G   0.01698  0.002963 0.0001086  0.008038   0.02809         8       512    0.8767         1    0.9961    0.8036   0.01118  0.001027 4.894e-05
    98/119     9.37G   0.01624  0.003765 9.134e-05  0.008259   0.02835        10       320    0.8769         1    0.9961    0.8209   0.01113   0.00103 4.849e-05
    99/119     9.37G   0.01923  0.003326 0.0001365   0.01066   0.03335         9       544    0.8766         1    0.9961    0.8132  0.009241  0.001026 4.872e-05
   100/119     9.37G   0.01791   0.00294 8.716e-05  0.007713   0.02865         5       608    0.8761         1    0.9961    0.8098   0.01023  0.001043 4.862e-05
   101/119     9.37G   0.01931  0.002457 9.195e-05  0.009246   0.03111         5       576    0.8759         1    0.9961    0.8009  0.008599  0.001026 4.854e-05
   102/119     9.37G   0.01779  0.001633 0.0001152  0.008921   0.02846         3       768    0.8765         1    0.9961    0.8023   0.01221   0.00106 4.848e-05
   103/119     9.37G   0.01646  0.002159 0.0001069  0.008332   0.02705        11       800     0.877         1    0.9962    0.8174  0.009021   0.00102 4.886e-05
   104/119     9.37G   0.01691  0.002845 8.914e-05  0.007896   0.02774         8       896    0.8767         1    0.9962    0.8171      0.01  0.001031 4.904e-05
   105/119     9.37G   0.01569  0.003377 0.0001041  0.007158   0.02633        12       416    0.8769         1    0.9962    0.8167   0.01183  0.001036 4.866e-05
   106/119     9.37G   0.01755  0.004805 9.842e-05  0.007955   0.03041         5       320    0.8765         1    0.9962    0.8159   0.01052  0.001025 4.857e-05
   107/119     9.37G    0.0159  0.001821 8.196e-05  0.007166   0.02497         5       448    0.8762         1    0.9961    0.8163  0.009224  0.001012 4.824e-05
   108/119     9.37G      0.02  0.002325 8.741e-05  0.009426   0.03184         8       896    0.8766         1    0.9962    0.8173   0.01193  0.001025 4.831e-05
   109/119     9.37G     0.019   0.00207 0.0001605   0.00927    0.0305        12       672    0.8769         1    0.9962    0.8338  0.009096     0.001  4.81e-05
   110/119     9.37G   0.01705  0.004134  0.000299  0.008105   0.02958         7       416     0.876         1    0.9962    0.8255    0.0103   0.00101 4.814e-05
   111/119     9.37G   0.01662  0.001757 8.856e-05  0.008739    0.0272         6       608    0.8758         1    0.9962    0.8189   0.01258  0.001047 4.786e-05
   112/119     9.37G   0.01557  0.001584 8.651e-05  0.009253    0.0265         5       896    0.8759         1    0.9962    0.8252   0.01004   0.00102 4.788e-05
   113/119     9.37G    0.0185  0.002625 9.615e-05  0.009957   0.03117        11       704     0.876         1    0.9962     0.821   0.00907  0.001017 4.798e-05
   114/119     9.37G   0.01564  0.003515 0.0001043  0.007642    0.0269         5       320    0.8756         1    0.9962    0.8141  0.009519  0.001019 4.804e-05
   115/119     9.37G   0.01421  0.001508 7.931e-05  0.007504    0.0233         5       832    0.8755         1    0.9961    0.8238  0.008643  0.001021 4.795e-05
   116/119     9.37G   0.01533  0.001658 9.699e-05  0.008043   0.02513         7       832     0.876         1    0.9961    0.8108  0.008383  0.001034 4.795e-05
   117/119     9.37G   0.01739  0.002098 8.752e-05  0.007423   0.02699         5       768    0.8761         1    0.9961    0.8042  0.008715  0.001028 4.825e-05
   118/119     9.37G   0.01643  0.001955 9.203e-05  0.008625    0.0271         7       672    0.8759         1    0.9961     0.816   0.01297  0.001057 4.793e-05
   119/119     9.37G   0.01809  0.003717 8.683e-05  0.009043   0.03093         6       896    0.8755         1    0.9961    0.8161   0.01047  0.001036 4.798e-05
